V0,V1,V2,V3,V4
0.11222945484133443,0.10360455655004075,0.11137510170870626,0.1644444444444444,0.16444444444444445
0.10692245881880275,0.10286460425873845,0.11594214543993572,0.12380761523046091,0.12380761523046092
0.11280000000000001,0.09920000000000007,0.1064,0.12416666666666665,0.12416666666666666
0.09151394422310759,0.057649402390438254,0.08613545816733068,0.07950413223140496,0.07950413223140496
0.1183512117600318,0.11704012713547873,0.11868891537544696,0.1639834024896265,0.16398340248962656
0.10040000000000002,0.05840000000000001,0.07800000000000001,0.05844580777096109,0.058445807770961145
0.11153972828324416,0.10655825442568956,0.11501852614244545,0.1445647969052224,0.14456479690522245
0.12351707116413,0.11932126696832579,0.11716166186754422,0.13130820399113075,0.1313082039911308
0.09797118847539017,0.06511804721888759,0.0871468587434974,0.06886128364389232,0.06886128364389235
0.11267258780783207,0.10891804602341548,0.11624545821558337,0.11743589743589744,0.11743589743589744
0.09648221343873518,0.0711857707509882,0.09470355731225297,0.1316465863453815,0.1316465863453815
0.11315874949248884,0.1002882663418595,0.10712951684937069,0.13468253968253963,0.13468253968253968
0.10541752365281779,0.08489099136157963,0.09947346770876182,0.10659793814432983,0.1065979381443299
0.11937238493723851,0.11853556485355643,0.12209205020920502,0.15436293436293436,0.15436293436293436
0.09689601250977327,0.08430805316653633,0.1074120406567631,0.10311688311688305,0.10311688311688312
0.14197758206565253,0.07168134507606083,0.14634107285828662,0.15512304250559283,0.15512304250559283
0.10724364232977852,0.10100902378999177,0.1137653814602133,0.0873267326732673,0.08732673267326732
0.09868654311039486,0.08426269137792108,0.10557614826752619,0.07252525252525255,0.07252525252525252
0.09806880375293199,0.07883502736512904,0.10076622361219703,0.11154013015184383,0.11154013015184382
0.09954363490792635,0.07824659727782224,0.09870296236989592,0.13422594142259414,0.13422594142259414
0.08033373542420588,0.03517893043827902,0.07484519501407319,0.07086042065009557,0.0708604206500956
0.12009900990099011,0.10762376237623761,0.10752475247524752,0.1268825910931174,0.1268825910931174
0.10953105717811601,0.10751542575071993,0.11798436857260387,0.10531187122736418,0.10531187122736418
0.10461381283203924,0.08487535758071107,0.10026154474867184,0.15442622950819673,0.15442622950819673
0.09400970088924819,0.05011317704122875,0.0761034761519806,0.10190476190476183,0.1019047619047619
0.10530125353821271,0.08601293974929236,0.10071168621107966,0.0972277227722772,0.09722772277227723
0.11007782101167315,0.09996108949416349,0.10988326848249028,0.15032786885245897,0.15032786885245902
0.11220805101634118,0.09423276205659625,0.10202471104025508,0.09393162393162391,0.09393162393162394
0.08673306772908368,0.04450199203187255,0.07776892430278884,0.11115646258503398,0.11115646258503402
0.10387755102040817,0.0814285714285714,0.09755102040816327,0.10749999999999993,0.1075
0.0942005527043032,0.07576391630477697,0.10156336360047374,0.057953091684434965,0.057953091684434965
0.09091529506222402,0.06807306302689686,0.09715776796467282,0.10235294117647054,0.10235294117647059
0.09272727272727274,0.07661157024793386,0.10388429752066115,0.14226890756302524,0.1422689075630252
0.07534171249018069,0.039049489395129644,0.08370777690494893,0.06946236559139785,0.06946236559139785
0.09583635630794037,0.062019347037484907,0.08618299072954455,0.07771543086172339,0.07771543086172344
0.11909090909090911,0.11565656565656568,0.11656565656565657,0.15167701863354033,0.15167701863354038
0.13522476675148432,0.09213740458015263,0.13263782866836302,0.12963855421686743,0.12963855421686749
0.08572376121732346,0.0534568864611783,0.08773312524385485,0.09366167023554606,0.09366167023554603
0.10575757575757577,0.08090909090909093,0.09515151515151515,0.06381338742393505,0.06381338742393508
0.12605306799336652,0.11179104477611934,0.1221558872305141,0.1146322067594433,0.11463220675944334
0.10121693121693123,0.09173382173382172,0.11051689051689052,0.0730020703933747,0.07300207039337475
0.10262556145365456,0.08461821151490401,0.1019926500612495,0.11215686274509806,0.11215686274509803
0.10956486704270751,0.1015874294923449,0.11202256244963739,0.10766519823788545,0.10766519823788546
0.1107226958993098,0.0970401948842875,0.10631749898497767,0.12926275992438563,0.12926275992438563
0.10564356435643565,0.09590759075907596,0.11026402640264027,0.13124260355029582,0.13124260355029588
0.1031732693077231,0.0799239695878351,0.09675070028011204,0.11402697495183045,0.11402697495183045
0.12810866860223974,0.09940688510991291,0.13248444628784736,0.1358316633266533,0.1358316633266533
0.10541752365281779,0.10011106540518311,0.11469354175236528,0.06815618221258135,0.06815618221258135
0.07054602184087365,0.033260530421216905,0.08271450858034321,0.09216494845360823,0.09216494845360826
0.12954692556634306,0.10228155339805822,0.1281715210355987,0.11263157894736842,0.11263157894736842
0.10393148450244699,0.08117455138662322,0.09724306688417618,0.13832669322709157,0.13832669322709162
0.11324540367705836,0.08614708233413271,0.09290167865707435,0.10023952095808386,0.10023952095808383
0.1090145395799677,0.09552504038772214,0.10651050080775444,0.13767068273092364,0.1376706827309237
0.10563958165728078,0.08777956556717625,0.10213998390989541,0.11205702647657834,0.1120570264765784
0.09227144583165527,0.06379782521143784,0.09152637937978253,0.12985324947589094,0.129853249475891
0.10114364859517215,0.0725326474079937,0.09138899881282153,0.11647577092511008,0.11647577092511013
0.08980944819372769,0.04808654227868203,0.07827709408495434,0.09169811320754717,0.09169811320754717
0.11077079107505072,0.10529411764705887,0.11452332657200812,0.10139059304703468,0.10139059304703477
0.12405078597339783,0.11187827488915758,0.12407093913744457,0.1356378600823045,0.13563786008230452
0.10823760818253345,0.07212431156569632,0.08388670338316287,0.09730061349693253,0.09730061349693252
0.09757102841136456,0.06711884753901565,0.08954781912765106,0.11029535864978901,0.11029535864978902
0.09024048096192386,0.06118236472945893,0.09094188376753506,0.06631147540983606,0.06631147540983606
0.08690084303492575,0.048402248093135314,0.08150140505820955,0.08885245901639338,0.08885245901639344
0.10668895005898546,0.08242626818718046,0.09573731812819504,0.10223938223938223,0.10223938223938224
0.08426249492076393,0.059922795611540014,0.0956603006907761,0.054970530451866395,0.054970530451866395
0.08242603550295859,0.04948717948717951,0.0870611439842209,0.08875,0.08875
0.10633414436334146,0.0790024330900243,0.0926682887266829,0.09142857142857141,0.09142857142857144
0.11576828266228431,0.10525061626951526,0.10948233360723089,0.09279843444226998,0.09279843444227007
0.08568163908589442,0.0548699763593381,0.08918833727344366,0.07123966942148763,0.0712396694214876
0.08590275009964131,0.045607811877241944,0.07970506177760064,0.08875,0.08875
0.10013972055888225,0.0775848303393214,0.09744510978043912,0.1096103896103896,0.10961038961038962
0.09401574803149608,0.07551181102362203,0.10149606299212599,0.07020242914979757,0.07020242914979757
0.08703406813627255,0.0499599198396794,0.08292585170340683,0.10376753507014025,0.10376753507014028
0.10320000000000001,0.0756,0.09240000000000001,0.12447154471544708,0.12447154471544715
0.11040574809805581,0.10262890955198645,0.11222316145393069,0.10865979381443291,0.10865979381443298
0.10036437246963564,0.10117408906882597,0.12080971659919028,0.11759036144578305,0.11759036144578314
0.10147924224103186,0.07733575171301899,0.09585650947198711,0.12438247011952186,0.12438247011952192
0.10002798880447822,0.07927628948420629,0.0992483006797281,0.09552742616033749,0.09552742616033755
0.09050874403815581,0.07206677265500794,0.10155802861685215,0.10888888888888881,0.1088888888888889
0.10088467614533966,0.053175355450236994,0.07229067930489733,0.06873949579831928,0.06873949579831934
0.1015619967793881,0.06508856682769726,0.08352657004830918,0.10934426229508198,0.10934426229508197
0.07640975226110894,0.02933936295713724,0.07292961069602832,0.07288270377733597,0.072882703777336
0.08320000000000001,0.05600000000000005,0.0928,0.09349397590361441,0.09349397590361447
0.09513790386130813,0.07732860520094564,0.10219070133963751,0.11690721649484537,0.11690721649484537
0.10537964458804525,0.088659127625202,0.1032794830371567,0.0754216867469879,0.07542168674698796
0.10626644736842107,0.09401315789473685,0.10774671052631579,0.07156249999999997,0.0715625
0.0893095142513047,0.05843837816138098,0.08912886391007627,0.0711066398390342,0.0711066398390342
0.08553915539155393,0.06376793767937683,0.09822878228782288,0.06569138276553099,0.06569138276553108
0.06647239263803682,0.02191717791411041,0.07544478527607362,0.1146236559139785,0.1146236559139785
0.09141138732959103,0.06751403368083397,0.09610264635124298,0.07654885654885657,0.07654885654885654
0.09338709677419356,0.06072580645161296,0.08733870967741936,0.07307017543859651,0.07307017543859648
0.09289252896524172,0.06704354774270882,0.09415101877746704,0.10343558282208587,0.1034355828220859
0.09781482934484112,0.05697528442526478,0.07916045508042369,0.09157894736842098,0.09157894736842107
0.08902834008097167,0.055829959514170024,0.08680161943319839,0.06063745019920319,0.06063745019920319
0.09607636068237206,0.07544272948822095,0.0993663688058489,0.07799999999999996,0.07800000000000001
0.0714256619144603,0.052077393075356415,0.10065173116089614,0.09499999999999997,0.095
0.08243502598960417,0.06128348660535787,0.0988484606157537,0.10308977035490607,0.10308977035490606
0.08396103896103897,0.04313311688311694,0.07917207792207792,0.08939571150097458,0.08939571150097467
0.08040000000000001,0.05559999999999998,0.0952,0.08036960985626285,0.08036960985626285
0.092129519268971,0.05903456495828374,0.08690504568931268,0.07683760683760676,0.07683760683760685
0.08693418940609952,0.06133226324237562,0.09439807383627608,0.10174273858921157,0.10174273858921162
0.06831173930113861,0.010871613663133162,0.0625598743619945,0.1054166666666666,0.10541666666666667
0.10522110162916991,0.07488750969743985,0.08966640806826998,0.09243735763097949,0.09243735763097949
0.08072140294938224,0.051984854523714596,0.09126345157433241,0.0708946322067594,0.07089463220675946
0.09575583620359741,0.05147722923842324,0.07572139303482586,0.08250000000000002,0.08249999999999999
0.08233637445458153,0.045485918286394256,0.08314954383181278,0.07010266940451748,0.07010266940451745
0.1046092503987241,0.07622009569377997,0.09161084529505581,0.11399999999999999,0.114
0.06991961414790998,0.015176848874598137,0.0652572347266881,0.1299804305283757,0.12998043052837574
0.0861896974652494,0.04473426001635328,0.07854456255110384,0.0687903225806451,0.06879032258064516
0.0921958925750395,0.06778830963665083,0.09559241706161138,0.07796545105566222,0.07796545105566219
0.087538213998391,0.06726468222043447,0.09972646822204344,0.06649122807017538,0.06649122807017543
0.07434083601286175,0.028440514469453393,0.07409967845659163,0.05457249070631964,0.0545724907063197
0.0836748688987495,0.04853973376361442,0.08486486486486486,0.09221095334685592,0.09221095334685597
0.09338709677419356,0.059516129032258114,0.08612903225806451,0.09676767676767672,0.09676767676767677
0.08928251121076235,0.05312270688952303,0.08384019567876069,0.11880952380952381,0.11880952380952381
0.09335619201290844,0.06951593384429211,0.09615974183138362,0.09421383647798742,0.09421383647798742
0.09753052382827886,0.07070894052776688,0.09317841669948798,0.05406113537117896,0.05406113537117904
0.09561654733492443,0.06753381066030228,0.09191726332537789,0.053009708737864036,0.05300970873786409
0.07934844192634562,0.039728854714690454,0.08038041278834479,0.07177865612648215,0.07177865612648221
0.074971932638332,0.05067361668003212,0.09570168404170008,0.12340909090909091,0.12340909090909091
0.0861676646706587,0.050439121756487015,0.08427145708582834,0.11199999999999999,0.112
0.08501191421763306,0.051572676727561606,0.08656076250992853,0.08422413793103445,0.08422413793103448
0.09112676056338029,0.05470824949698194,0.08358148893360162,0.0698985801217038,0.06989858012170386
0.08568163908589442,0.043443656422379795,0.07776201733648541,0.10152610441767063,0.10152610441767068
0.0846956184567662,0.04084141139976738,0.07614579294300117,0.05516483516483517,0.05516483516483517
0.09083166733306679,0.05528588564574177,0.08445421831267494,0.11738805970149246,0.11738805970149253
0.08659919028340082,0.06271255060728742,0.09611336032388663,0.08902286902286904,0.08902286902286902
0.07948275862068967,0.03136363636363637,0.07188087774294671,0.089120654396728,0.089120654396728
0.08798732171156895,0.06278922345483362,0.09480190174326467,0.08530612244897962,0.08530612244897959
0.0803869653767821,0.05329938900203668,0.09291242362525459,0.08088709677419348,0.08088709677419356
0.08377983063895306,0.04367205542725172,0.07989222478829869,0.09983706720977592,0.09983706720977596
0.0788709677419355,0.05548387096774199,0.09661290322580646,0.04399999999999993,0.04400000000000001
0.07805946791862287,0.0497339593114241,0.09167449139280126,0.11406779661016941,0.1140677966101695
0.07862137465236393,0.039169646404449754,0.08054827175208581,0.06663865546218484,0.06663865546218486
0.08837539432176657,0.061798107255520485,0.09342271293375395,0.0756910569105691,0.0756910569105691
0.07152403282532241,0.021074638530676038,0.06955060570535365,0.10145315487571704,0.10145315487571702
0.05919888401753688,0.007345555998405806,0.06814667198086888,0.11271255060728746,0.11271255060728745
0.07128254955305093,0.03097940147687528,0.07969685192382434,0.056438923395445095,0.05643892339544512
0.08033925686591277,0.041809369951534725,0.08147011308562196,0.09763713080168779,0.09763713080168776
0.10845534995977475,0.09904263877715203,0.11058728881737731,0.07461689587426323,0.07461689587426326
0.08639871382636657,0.061800643086816764,0.09540192926045016,0.06894837476099425,0.06894837476099427
0.09326139088729019,0.05856914468425256,0.08530775379696243,0.07518590998043051,0.07518590998043054
0.091606864274571,0.05861154446177852,0.0870046801872075,0.06693877551020411,0.06693877551020408
0.08214057507987221,0.03477635782747601,0.07263578274760382,0.08335403726708068,0.08335403726708074
0.10572854291417166,0.06960079840319366,0.08387225548902197,0.08343612334801764,0.08343612334801762
0.08350293542074365,0.04651663405088069,0.083013698630137,0.03692913385826768,0.03692913385826771
0.07391459074733098,0.03235666271253457,0.07844207196520364,0.08842105263157896,0.08842105263157896
0.07758293838862561,0.04093206951026862,0.08334913112164297,0.07031185031185028,0.0703118503118503
0.08425215348472985,0.04094753328112766,0.07669537979639782,0.0879245283018868,0.0879245283018868
0.08666666666666668,0.05525641025641026,0.08858974358974359,0.07420944558521558,0.07420944558521561
0.08696043869956914,0.0459498629063847,0.07898942420681551,0.10188976377952752,0.10188976377952756
0.0730888030888031,0.019034749034749,0.06594594594594594,0.09974683544303797,0.09974683544303797
0.08646966115051223,0.05605200945626476,0.08958234830575257,0.09272727272727266,0.09272727272727274
0.0862959967650627,0.04921552769915083,0.08291953093408816,0.05913043478260871,0.05913043478260871
0.08765637371338085,0.05939034045922409,0.09173396674584322,0.08538461538461539,0.08538461538461539
0.0781385979049154,0.04115229653505237,0.083013698630137,0.117119341563786,0.117119341563786
0.08060371517027864,0.026191950464396263,0.06558823529411764,0.09298387096774186,0.09298387096774194
0.0960731319554849,0.07604133545310021,0.09996820349761526,0.11795918367346936,0.11795918367346939
0.08742394310549191,0.06770841564598973,0.10028447254049783,0.08409736308316429,0.08409736308316429
0.07945512820512822,0.042836538461538454,0.08338141025641027,0.09686567164179105,0.09686567164179105
0.08720516962843297,0.05271405492730208,0.08550888529886916,0.07968379446640317,0.07968379446640317
0.08796875000000001,0.05085937500000004,0.082890625,0.08105263157894738,0.08105263157894738
0.09500000000000001,0.06919354838709679,0.09419354838709679,0.08811023622047243,0.08811023622047245
0.0811553784860558,0.06123505976095622,0.1000796812749004,0.09551020408163258,0.09551020408163266
0.07008025682182986,0.02601926163723922,0.0759390048154093,0.09475538160469665,0.09475538160469668
0.08600946372239748,0.047996845425867574,0.08198738170347003,0.05495145631067955,0.0549514563106796
0.08856287425149702,0.052435129740519004,0.08387225548902197,0.03763527054108218,0.03763527054108218
0.07838206627680314,0.04660818713450299,0.08822612085769982,0.06110169491525419,0.061101694915254245
0.08321656050955416,0.04269108280254774,0.07947452229299362,0.06055118110236213,0.06055118110236221
0.06737470167064441,0.00428798727128088,0.05691328560063644,0.09795275590551178,0.0979527559055118
0.06920634920634922,0.018412698412698436,0.06920634920634922,0.08344537815126052,0.08344537815126052
0.07509529366005446,0.017569039284325183,0.062473745624270716,0.09858719646799119,0.09858719646799118
0.07534653465346536,0.023663366336633684,0.06831683168316832,0.11938398357289526,0.11938398357289527
0.08468812877263583,0.039014084507042246,0.07432595573440645,0.1327789046653144,0.1327789046653144
0.075562224889956,0.022300920368147237,0.06673869547819128,0.08556169429097604,0.08556169429097607
0.08349883630721491,0.04657098525989145,0.0830721489526765,0.07106382978723402,0.07106382978723405
0.08141732283464569,0.03496062992125981,0.07354330708661416,0.0837316561844863,0.08373165618448639
0.06494627934739357,0.013732590529247912,0.06878631118185435,0.10631578947368414,0.10631578947368421
0.09512740101920816,0.05361426891415133,0.07848686789494316,0.07080645161290322,0.07080645161290322
0.09144540455616655,0.044155538098978764,0.07271013354281225,0.07177453027139868,0.07177453027139874
0.07520590520590521,0.03262626262626267,0.07742035742035741,0.07170340681362719,0.07170340681362725
0.06827100924809008,0.031158021712907158,0.08288701246481706,0.059458413926498976,0.05945841392649903
0.08835921943448827,0.05335324571883715,0.08499402628434888,0.08919831223628694,0.08919831223628691
0.07952380952380954,0.040238095238095295,0.08071428571428571,0.12909090909090903,0.1290909090909091
0.09139737991266376,0.050468439857086156,0.0790710599444224,0.08094069529652348,0.08094069529652351
0.05778352566653404,0.006569836848388411,0.06878631118185435,0.12310077519379847,0.12310077519379845
0.06832535885167465,0.014816586921850061,0.06649122807017543,0.09786259541984732,0.09786259541984733
0.05985736925515056,0.0215847860538827,0.08172741679873216,0.06274193548387097,0.06274193548387097
0.06375987361769353,0.013680884676145366,0.0699210110584518,0.1365009940357853,0.1365009940357853
0.090032310177706,0.05190630048465272,0.0818739903069467,0.09620889748549322,0.09620889748549323
0.08506410256410257,0.04844551282051279,0.08338141025641027,0.05852140077821011,0.05852140077821011
0.0836748688987495,0.06306171843485275,0.09938684953610327,0.062323651452282136,0.062323651452282164
0.09368525108738633,0.06754843811783318,0.09386318703044683,0.07596707818930037,0.0759670781893004
0.08466771529689344,0.04782147070389309,0.0831537554069996,0.05122362869198305,0.05122362869198313
0.08430817610062895,0.04948113207547167,0.08517295597484276,0.04164328657314631,0.04164328657314628
0.08670004004805767,0.05293952743291952,0.08623948738486184,0.07534591194968554,0.07534591194968554
0.0788050314465409,0.04240566037735849,0.0836006289308176,0.10120950323974076,0.10120950323974082
0.08222444889779561,0.047154308617234464,0.08492985971943887,0.08815415821501016,0.08815415821501013
0.06733542319749218,0.005109717868338581,0.05777429467084638,0.07518590998043051,0.07518590998043054
0.08121872477804683,0.04037933817594841,0.07916061339790154,0.07066162570888468,0.07066162570888468
0.07134175217048147,0.029273875295974805,0.0779321231254933,0.08973947895791579,0.08973947895791584
0.07977443609022558,0.047997625643054986,0.08822318955282946,0.09450199203187248,0.09450199203187251
0.07755310778914241,0.04025963808025179,0.08270653029110936,0.0820689655172413,0.08206896551724138
0.06833139309274351,0.013888242142025664,0.0655568490492821,0.09961165048543685,0.0996116504854369
0.0879609717244126,0.03702508960573481,0.06906411788132219,0.08752136752136752,0.08752136752136752
0.09270531400966185,0.06508856682769726,0.09238325281803542,0.044242424242424194,0.04424242424242425
0.08230112533954212,0.040663562281722965,0.07836243694218084,0.0822754491017964,0.0822754491017964
0.07097087378640778,0.016407766990291228,0.06543689320388349,0.05193277310924371,0.051932773109243685
0.0867625623321826,0.060563866513233644,0.09380130418105101,0.0565591397849462,0.05655913978494623
0.07651906519065192,0.03711767117671183,0.08059860598605986,0.11210019267822735,0.11210019267822736
0.08098636728147555,0.03102646351242988,0.07004009623095428,0.09743190661478596,0.097431906614786
0.0729048945483486,0.02845602865101471,0.07555113410266615,0.07220729366602685,0.07220729366602688
0.0944087837837838,0.061807432432432474,0.08739864864864866,0.07740402193784279,0.07740402193784279
0.0741315683914962,0.03574408343361413,0.08161251504211794,0.13064638783269955,0.1306463878326996
0.09546831406935036,0.0655360701474691,0.09006775607811876,0.07924369747899151,0.0792436974789916
0.0864050235478807,0.045510204081632644,0.07910518053375196,0.11002036659877801,0.11002036659877801
0.07891089108910893,0.03158415841584161,0.07267326732673268,0.054355828220858826,0.05435582822085891
0.07586358197048267,0.03067012365376942,0.07480654168328679,0.1054368932038835,0.1054368932038835
0.09046362909672263,0.05457234212629902,0.08410871302957634,0.07490196078431366,0.07490196078431371
0.07217391304347827,0.027763975155279508,0.07559006211180125,0.12274841437632134,0.12274841437632135
0.08049980627663697,0.03559473072452535,0.07509492444788843,0.028917197452229315,0.028917197452229287
0.07439381611065908,0.02549227013832389,0.07109845402766476,0.10269230769230764,0.1026923076923077
0.0911901889827101,0.04482911137917167,0.07363892239646161,0.09015503875968989,0.09015503875968991
0.08568627450980393,0.060196078431372535,0.09450980392156863,0.08430062630480162,0.08430062630480167
0.08912656692276588,0.054472300849171096,0.08534573392640518,0.0578378378378378,0.05783783783783783
0.08782453354505758,0.03895593489479954,0.07113140134974197,0.06095427435387668,0.060954274353876736
0.08096721974908945,0.05146499392958315,0.09049777418049373,0.04142857142857137,0.041428571428571426
0.06832489287105573,0.016396571873782628,0.06807167900272693,0.062003853564547184,0.06200385356454721
0.0787237479806139,0.04665589660743141,0.08793214862681745,0.05022774327122148,0.05022774327122154
0.07120000000000001,0.00880000000000003,0.05760000000000001,0.04793522267206474,0.04793522267206479
0.08789557592666403,0.04520924671183746,0.07731367078517337,0.09070707070707063,0.09070707070707071
0.07990291262135923,0.02300970873786412,0.06310679611650485,0.09795275590551178,0.0979527559055118
0.06257188498402558,-0.0003674121405750075,0.057060702875399355,0.11065606361829028,0.11065606361829027
0.06626896268962691,0.01456744567445678,0.06829848298482985,0.09878787878787876,0.09878787878787879
0.08082802547770702,0.026369426751592373,0.06554140127388536,0.08193293885601571,0.08193293885601577
0.07901991409605624,0.041573604060913705,0.08255368996485749,0.06313725490196076,0.06313725490196079
0.07659777424483308,0.045437201907790215,0.08883942766295708,0.08558044806517306,0.08558044806517312
0.06268680445151034,0.021589825119236905,0.07890302066772656,0.07626283367556463,0.07626283367556469
0.07818858560794045,0.036335814722911475,0.07814722911497105,0.10037383177570092,0.10037383177570093
0.08108404384896468,0.0442590336987414,0.0831749898497767,0.08612576064908717,0.08612576064908722
0.0821272365805169,0.033419483101391645,0.07129224652087476,0.1006818181818182,0.10068181818181818
0.06910050840829098,0.00992960500586626,0.060829096597575294,0.0824454148471615,0.08244541484716159
0.07773686388084404,0.03789408357467938,0.08015721969383532,0.06285714285714283,0.06285714285714286
0.06212944466640033,0.019500599280863007,0.07737115461446264,0.11549180327868847,0.11549180327868852
0.08619202603742881,0.03932465419039877,0.07313262815296989,0.043182711198428314,0.043182711198428286
0.07192071924805886,0.03787903555373928,0.08595831630568043,0.11227642276422767,0.11227642276422764
0.05768984812150281,0.015803357314148725,0.0781135091926459,0.11278752436647166,0.11278752436647174
0.08297591297591299,0.04738927738927745,0.08441336441336442,0.06749455337690624,0.06749455337690632
0.0918939700526103,0.05267907729664101,0.08078510724403076,0.04824427480916027,0.0482442748091603
0.09074870569494227,0.04538829151732382,0.07463958582238153,0.0702994011976048,0.0702994011976048
0.07919811320754719,0.0337578616352201,0.07455974842767296,0.07979381443298972,0.07979381443298969
0.08716447630426126,0.06330943847072878,0.09614496216646755,0.06848484848484848,0.06848484848484848
0.09339038304808477,0.05484107579462105,0.08145069274653627,0.054296724470134894,0.054296724470134866
0.06763779527559056,0.018818897637795318,0.07118110236220473,0.08105263157894738,0.08105263157894738
0.07970031545741327,0.037350157728706646,0.07764984227129337,0.09843137254901957,0.09843137254901961
0.07419635787806811,0.0198020585906572,0.06560570071258909,0.03275720164609053,0.03275720164609053
0.07551181102362206,0.003464566929133883,0.04795275590551182,0.09326732673267324,0.09326732673267327
0.07631364562118127,0.019490835030549936,0.06317718940936864,0.06968684759916488,0.06968684759916494
0.07534171249018069,0.029622937941869654,0.07428122545168891,0.07892116182572606,0.07892116182572614
0.07887290167865708,0.026994404476418876,0.0681215027977618,0.10686868686868689,0.10686868686868686
0.06753617520531875,0.011102854908095483,0.06356667970277669,0.10517745302713988,0.10517745302713988
0.06349341595662278,0.013222308288148743,0.06972889233152596,0.0955186721991701,0.09551867219917012
0.07746624305003973,0.038864177918983334,0.08139793486894362,0.06368308351177732,0.06368308351177732
0.07584542958022755,0.03853668105139274,0.08269125147116516,0.09447698744769872,0.09447698744769875
0.08139734582357534,0.03463700234192035,0.07323965651834505,0.06166666666666665,0.061666666666666675
0.0717892644135189,0.0206958250497018,0.06890656063618292,0.07146443514644352,0.07146443514644352
0.07730337078651686,0.022808988764044913,0.0655056179775281,0.12889830508474576,0.12889830508474576
0.07267545560294689,0.024556029468786322,0.07188057386583949,0.089120654396728,0.089120654396728
0.07709728867623605,0.051100478468899535,0.09400318979266348,0.08858316221765916,0.08858316221765913
0.0818670274449169,0.03845767298028602,0.07659064553536915,0.1009523809523809,0.10095238095238096
0.07055467511885896,0.027923930269413644,0.07736925515055468,0.06274193548387097,0.06274193548387097
0.07614754098360657,0.03311475409836062,0.0769672131147541,0.056812144212523674,0.05681214421252373
0.08390992427261859,0.05477481068154644,0.09086488640892787,0.07084033613445373,0.07084033613445379
0.07263691683569981,0.009959432048681549,0.057322515212981734,0.06405458089668614,0.06405458089668617
0.06898198903680502,0.017846515270164454,0.06886452623335942,0.11484536082474228,0.11484536082474227
0.07863531225905938,0.01094063222821895,0.0523053199691596,0.09473903966597075,0.09473903966597078
0.07577149587750295,0.028539458186101263,0.07276796230859836,0.04744282744282746,0.047442827442827434
0.07320031608060057,0.029383642828921364,0.07618332674832082,0.10149688149688152,0.10149688149688149
0.07121046466224132,0.03923076923076929,0.08802030456852791,0.08847599164926934,0.08847599164926931
0.07501002004008017,0.030320641282565175,0.07531062124248497,0.06482758620689655,0.06482758620689655
0.0769582504970179,0.01990059642147124,0.06294234592445327,0.07539714867617109,0.07539714867617109
0.07851982724774245,0.03992540243423637,0.08140557518649391,0.07856573705179282,0.07856573705179282
0.08936758893280633,0.05221343873517792,0.08284584980237153,0.11641434262948203,0.11641434262948207
0.0744461778471139,0.036380655226209035,0.08193447737909518,0.06814814814814807,0.06814814814814815
0.0714481094127112,0.03065969428801285,0.0792115848753017,0.10199999999999998,0.10200000000000001
0.06941060903732811,0.025206286836935154,0.07579567779960708,0.08773547094188372,0.08773547094188378
0.08151135473766642,0.035465935787000746,0.07395458104933439,0.08393088552915762,0.08393088552915767
0.08304347826086958,0.03916996047430832,0.07612648221343873,0.050374753451676524,0.050374753451676524
0.07376237623762377,0.030000000000000027,0.07623762376237625,0.0595061728395061,0.05950617283950618
0.07093603744149767,0.027020280811232422,0.0760842433697348,0.06426229508196724,0.06426229508196721
0.08848264729620663,0.04925746569814371,0.08077481840193704,0.05651804670912952,0.05651804670912952
0.06707649179014818,0.013692430917100484,0.06661593912695235,0.10888888888888881,0.1088888888888889
0.08369529983792545,0.05808752025931929,0.09439222042139384,0.0698985801217038,0.06989858012170386
0.0798101265822785,0.03661392405063291,0.07680379746835442,0.07021097046413505,0.07021097046413502
0.06867498051441934,0.019415432579890868,0.07074045206547155,0.05125000000000002,0.05124999999999999
0.07729001584786055,0.03426307448494459,0.07697305863708401,0.11306930693069306,0.11306930693069307
0.06775461106655975,0.009775461106655947,0.06202085004009622,0.11962825278810407,0.11962825278810409
0.0672267536704731,0.00939641109298539,0.06216965742251224,0.08317907444668005,0.08317907444668007
0.07200000000000001,0.0252,0.07319999999999999,0.08914062499999997,0.089140625
0.07311004784688996,0.02956937799043069,0.07645933014354067,0.11684210526315786,0.1168421052631579
0.0666876971608833,0.02749211356466874,0.0808044164037855,0.05398437499999997,0.053984375
0.08585365853658537,0.035447154471544784,0.06959349593495934,0.06586466165413529,0.06586466165413535
0.08626794258373206,0.04551834130781496,0.07925039872408293,0.10548057259713695,0.10548057259713702
0.07344551282051283,0.02881410256410255,0.07536858974358973,0.09145557655954628,0.09145557655954631
0.06467547609794017,0.0022191993781578434,0.057543723280217646,0.06055118110236213,0.06055118110236221
0.06559164733178656,0.018259860788863103,0.07266821345707658,0.1105263157894737,0.11052631578947368
0.0640944881889764,0.012125984251968536,0.06803149606299214,0.09474332648870631,0.09474332648870637
0.08328340559716202,0.04138352384706345,0.07810011824990146,0.043529411764705817,0.04352941176470587
0.09234169653524493,0.06370768618080447,0.09136598964555953,0.06999999999999995,0.07
0.0722239263803681,0.018082822085889627,0.06585889570552148,0.10333333333333328,0.10333333333333333
0.07746624305003973,0.016624305003971385,0.059158061953931695,0.05636363636363628,0.056363636363636366
0.08385470424771736,0.048483525208416034,0.08462882096069868,0.06817813765182179,0.06817813765182187
0.0715686274509804,0.01941176470588235,0.06784313725490196,0.09898089171974522,0.09898089171974522
0.07498625834314881,0.0418884962701217,0.08690223792697291,0.09526881720430103,0.09526881720430108
0.08000000000000002,0.02960000000000007,0.0696,0.05799999999999994,0.057999999999999996
0.07585443037974685,0.04768987341772157,0.0918354430379747,0.09526881720430103,0.09526881720430108
0.07235153447588683,0.02607811877241928,0.07372658429653248,0.11494949494949491,0.11494949494949495
0.08395636064223962,0.02257307533964592,0.05861671469740634,0.07018726591760294,0.07018726591760299
0.06600967351874246,0.01848851269649332,0.07247883917775091,0.09695312499999997,0.096953125
0.08097227645450997,0.030249902381882077,0.06927762592737213,0.045581395348837206,0.045581395348837206
0.08093117408906884,0.02748987854251017,0.06655870445344131,0.0955020080321285,0.09550200803212852
0.06634864546525325,0.01636827640361216,0.07001963093835886,0.0918487394957983,0.09184873949579833
0.07128928283642225,0.010531829170024154,0.05924254633360193,0.10258317025440311,0.10258317025440314
0.06738430583501007,0.020905432595573425,0.07352112676056338,0.07388994307400376,0.07388994307400379
0.07043807248108325,0.021891676622859402,0.07145360414177618,0.12112359550561791,0.12112359550561798
0.08394422310756973,0.05605577689243024,0.09211155378486055,0.11015151515151511,0.11015151515151515
0.06603174603174604,0.017619047619047645,0.07158730158730159,0.045049701789264374,0.0450497017892644
0.07011614401858306,0.005578784359272171,0.05546264034068912,0.11613034623217922,0.11613034623217923
0.06000000000000001,0.012399999999999967,0.07239999999999999,0.0820689655172413,0.08206896551724138
0.07067273446774833,0.016735259200633235,0.06606252473288485,0.09525562372188134,0.09525562372188139
0.07771028037383179,0.028177570093458004,0.07046728971962618,0.07064935064935063,0.07064935064935066
0.0799526066350711,0.04962085308056874,0.08966824644549762,0.07185185185185183,0.07185185185185186
0.07923630547780888,0.030095961615353883,0.070859656137545,0.11292543021032497,0.11292543021032504
0.0800236779794791,0.04269139700078928,0.08266771902131018,0.10282828282828282,0.10282828282828282
0.07378421900161032,0.02805152979066028,0.07426731078904991,0.0982608695652174,0.09826086956521739
0.06885871704053523,0.01813065722156637,0.06927194018103108,0.049614604462474565,0.04961460446247465
0.08080550098231828,0.04013752455795683,0.07933202357563851,0.057782340862422954,0.05778234086242301
0.08090691170595286,0.03827806632041553,0.07737115461446264,0.04375478927203058,0.043754789272030664
0.07154211150652433,0.0386832740213523,0.08714116251482801,0.10599999999999998,0.106
0.0937631792376318,0.0514274128142741,0.07766423357664234,0.0653389830508474,0.06533898305084745
0.07511811023622049,0.020000000000000018,0.06488188976377954,0.12778688524590165,0.12778688524590165
0.07527950310559008,0.02388198757763982,0.0686024844720497,0.09755102040816321,0.09755102040816327
0.08720000000000001,0.040000000000000036,0.0728,0.09394957983193275,0.09394957983193278
0.07067273446774833,0.03216857934309458,0.08149584487534625,0.04812499999999997,0.048125
0.07991702884235481,0.04242196760173844,0.08250493875938364,0.04627118644067796,0.04627118644067796
0.06353464963221062,0.021838946960898165,0.07830429732868757,0.10110403397027601,0.10110403397027601
0.08247600767754319,0.03775431861804224,0.07527831094049905,0.08984815618221254,0.08984815618221259
0.07523004325599687,0.02422729060165163,0.06899724734565474,0.10866799204771371,0.10866799204771371
0.06656565656565658,0.01868686868686875,0.07212121212121211,0.09571701720841297,0.095717017208413
0.07726615816940989,0.02511842633480532,0.06785226816539541,0.07992217898832688,0.07992217898832685
0.06940828402366865,0.014773175542406314,0.06536489151873767,0.11812889812889815,0.11812889812889812
0.07912682734097196,0.04163176610035557,0.08250493875938364,0.08117136659436008,0.08117136659436008
0.0921556886227545,0.0660079840319362,0.09385229540918164,0.07564853556485351,0.07564853556485357
0.0738846615939127,0.03812174609531438,0.08423708450140169,0.055699797160243425,0.0556997971602434
0.07125885129819041,0.023343823760818228,0.07208497246262785,0.094251497005988,0.09425149700598803
0.06169254658385094,0.004083850931677069,0.06239130434782608,0.12388548057259707,0.12388548057259714
0.0613649025069638,0.011742936729009168,0.07037803422204536,0.07850860420650096,0.07850860420650096
0.07873634945397817,0.029750390015600647,0.07101404056162247,0.09242798353909465,0.09242798353909465
0.07434782608695653,0.041936758893280635,0.0875889328063241,0.07685884691848899,0.07685884691848907
0.06855623100303952,0.012021276595744701,0.06346504559270516,0.06466019417475721,0.0646601941747573
0.07745911447945752,0.033063422417231814,0.07560430793777423,0.11453860640301317,0.11453860640301318
0.07004030632809352,0.02977428456267639,0.07973397823458284,0.12835030549898163,0.1283503054989817
0.06754746835443039,0.019208860759493684,0.07166139240506328,0.07606060606060605,0.07606060606060605
0.06707649179014818,0.02450540648778532,0.07742891469763716,0.08888454011741675,0.08888454011741684
0.06915966386554623,0.012296918767507048,0.06313725490196079,0.07795454545454539,0.07795454545454544
0.07450097847358123,0.03516634050880629,0.08066536203522506,0.04672233820459293,0.0467223382045929
0.05941361668634397,0.014588744588744595,0.07517512790240063,0.07404339250493097,0.07404339250493097
0.07235430335777693,0.00871092242377458,0.056356619065997676,0.0931808731808732,0.09318087318087317
0.07617384240454916,0.025483346872461454,0.06930950446791226,0.1009523809523809,0.10095238095238096
0.07628803245436107,0.026997971602434112,0.07070993914807303,0.11041095890410957,0.1104109589041096
0.08407465007776051,0.04877138413685844,0.08469673405909797,0.09610619469026549,0.09610619469026549
0.06459029435163088,0.019005568814637996,0.07441527446300716,0.12058479532163735,0.12058479532163743
0.07027375831052016,0.020488854125928824,0.07021509581540869,0.07623678646934462,0.07623678646934462
0.06790265136525525,0.03098140087059753,0.0830787495053423,0.09499999999999997,0.095
0.0672951783614269,0.014805958447667633,0.0675107800862407,0.07154639175257727,0.07154639175257732
0.07209790209790211,0.02874125874125877,0.07664335664335664,0.08088709677419348,0.08088709677419356
0.07536149471974006,0.038887083671811595,0.08352558895207149,0.06280303030303025,0.0628030303030303
0.06877551020408164,0.022244897959183718,0.07346938775510203,0.10932038834951452,0.10932038834951456
0.0688311164852882,0.02493752519145509,0.07610640870616686,0.051999999999999935,0.05199999999999999
0.07991345397324942,0.020983477576711262,0.06107002360346184,0.10691796008869181,0.1069179600886918
0.0709546539379475,0.026563245823389092,0.07560859188544153,0.10752556237218813,0.10752556237218815
0.07349483717235902,0.038069896743447185,0.08457505957108816,0.04703777335984094,0.04703777335984097
0.0633177022274326,0.00427119968737788,0.0609534974599453,0.12606653620352248,0.1260665362035225
0.06753772835583798,0.015830023828435236,0.0682922954725973,0.08419753086419746,0.08419753086419754
0.06988033506182689,0.02827682489030714,0.07839648982848027,0.10308977035490607,0.10308977035490606
0.06827856025039125,0.012175273865414726,0.06389671361502347,0.07892116182572606,0.07892116182572614
0.06900596421471174,0.006381709741550723,0.05737574552683897,0.0849193548387096,0.08491935483870969
0.07204737053392213,0.02150541951023688,0.06945804897631475,0.14024539877300612,0.14024539877300612
0.07246815286624204,0.018009554140127393,0.06554140127388536,0.09218045112781947,0.09218045112781956
0.07141955835962147,0.025520504731861182,0.07410094637223974,0.08799999999999997,0.088
0.07207006369426752,0.03671974522292998,0.08464968152866242,0.08354378818737274,0.08354378818737271
0.09379788101059496,0.06176854115729424,0.08797066014669927,0.09654320987654319,0.09654320987654322
0.06964299880999604,0.023669178897263055,0.07402618008726697,0.10979591836734692,0.10979591836734694
0.07288195815238849,0.036285037504934836,0.0834030793525464,0.11049586776859499,0.11049586776859505
0.06660554038236442,0.013269605930550155,0.06666406554818571,0.0673118279569892,0.06731182795698926
0.07200708382526566,0.02442739079102718,0.07242030696576152,0.06979423868312751,0.06979423868312756
0.07225563909774438,0.023858330035615327,0.071602690937871,0.08417322834645669,0.08417322834645669
0.06828526890101326,0.029937646141855012,0.08165237724084179,0.031983471074380154,0.031983471074380154
0.07112540192926047,0.0071382636655948906,0.05601286173633441,0.06280303030303025,0.0628030303030303
0.07096618357487924,0.020000000000000018,0.06903381642512077,0.13097308488612835,0.13097308488612835
0.07248796147672554,0.02200642054574642,0.06951845906902088,0.1166861598440545,0.11668615984405459
0.06554037766171154,0.025323423061470507,0.07978304539975895,0.12576923076923074,0.12576923076923077
0.07159362549800798,0.010637450199203258,0.05904382470119521,0.10729508196721305,0.10729508196721312
0.07019646365422398,0.023241650294695493,0.07304518664047152,0.08012526096033401,0.08012526096033404
0.07166534496431405,0.024163362410785094,0.07249801744647105,0.07177453027139868,0.07177453027139874
0.05244831779489259,0.013413052290231042,0.08096473449533848,0.06971098265895947,0.06971098265895953
0.0669869706840391,0.023257328990228032,0.07627035830618892,0.09959183673469385,0.09959183673469388
0.06709972189114026,0.032812872467222864,0.08571315057608264,0.09396694214876034,0.09396694214876034
0.07698602794411179,0.04325349301397208,0.08626746506986027,0.05700440528634354,0.057004405286343623
0.06740611691831205,0.024161827332559005,0.076755710414247,0.04197802197802192,0.04197802197802197
0.07466531440162273,0.024158215010142037,0.06949290060851926,0.0895652173913043,0.08956521739130435
0.08514207862981706,0.04617750097314133,0.08103542234332425,0.049831932773109266,0.04983193277310924
0.07092258323305256,0.030529482551143183,0.07960689931809065,0.08257928118393232,0.08257928118393235
0.08118288251917644,0.036653209527654385,0.075470327008478,0.10524590163934422,0.10524590163934426
0.06540412044374011,0.030301109350237776,0.08489698890649763,0.10755020080321287,0.10755020080321286
0.06896166134185305,0.015207667731629404,0.06624600638977635,0.10293650793650788,0.10293650793650794
0.08175306687772063,0.03256430550059364,0.07081123862287297,0.07438972162740898,0.074389721627409
0.07868506493506494,0.0415097402597403,0.08282467532467533,0.06231536926147707,0.062315369261477044
0.07113913751017088,0.028746948738812006,0.07760781122864116,0.1349797570850202,0.13497975708502025
0.07905480540111201,0.034495631453534514,0.07544082605242255,0.12759753593429157,0.12759753593429157
0.061379976807112505,-0.005608813297255488,0.05301120989563202,0.1166861598440545,0.11668615984405459
0.07588706447737285,0.020901081297557078,0.06501401682018423,0.09291666666666665,0.09291666666666668
0.06960159362549802,0.011434262948207152,0.06183266932270917,0.09321063394683027,0.09321063394683027
0.0764976228209192,0.016038034865293205,0.05954041204437402,0.09668593448940266,0.0966859344894027
0.07438561833267485,0.021086527064401395,0.0667009087317266,0.09012987012987006,0.09012987012987014
0.08141199226305611,0.04292069632495166,0.08150870406189556,0.1054166666666666,0.10541666666666667
0.068244213886672,0.017007182761372697,0.06876296887470071,0.07603112840466919,0.07603112840466927
0.06454976303317536,0.016840442338072692,0.07229067930489733,0.1068312757201646,0.10683127572016461
0.06589905362776026,0.02078864353312304,0.07488958990536276,0.09759336099585059,0.09759336099585063
0.08468640436306975,0.04950915465523964,0.08482275029216985,0.07132382892057021,0.07132382892057026
0.05726265822784811,0.0073417721518987955,0.07007911392405064,0.05999999999999994,0.06
0.08148701809598742,0.0473406766325728,0.08585365853658536,0.08695278969957076,0.08695278969957082
0.0880859691808597,0.048588807785888144,0.08050283860502838,0.04799999999999993,0.048000000000000015
0.07478087649402392,0.03454183266932276,0.0797609561752988,0.08930693069306928,0.0893069306930693
0.07611773759138131,0.027214313197383655,0.0710965756060023,0.06549356223175962,0.06549356223175964
0.0825147116516281,0.04363672028246368,0.08112200863083563,0.08486486486486489,0.08486486486486486
0.07340242471646462,0.026355103637074717,0.07295267892061008,0.08796116504854368,0.08796116504854368
0.05718553459119498,0.014103773584905666,0.0769182389937107,0.11763779527559048,0.11763779527559055
0.06865930599369087,0.023943217665615135,0.0752839116719243,0.11065606361829028,0.11065606361829027
0.07674202664513526,0.03463463867581751,0.07789261203068229,0.07106382978723402,0.07106382978723405
0.08449511400651467,0.044429967426710126,0.07993485342019543,0.04868525896414344,0.04868525896414344
0.07333062550771731,0.025077173030056854,0.07174654752233955,0.10281249999999997,0.1028125
0.06991796554552913,0.014462674323215796,0.06454470877768662,0.10740458015267174,0.10740458015267176
0.07386869871043378,0.013259085580304864,0.059390386869871054,0.07433070866141733,0.07433070866141733
0.08124497991967873,0.036666666666666736,0.07542168674698796,0.06136546184738956,0.06136546184738956
0.06992025518341309,0.016411483253588544,0.06649122807017543,0.09866927592954988,0.09866927592954991
0.0777416766947453,0.02491375852386679,0.06717208182912154,0.0467419962335216,0.046741996233521654
0.06860279441117766,0.022894211576846346,0.07429141716566867,0.09931034482758616,0.0993103448275862
0.07027375831052016,0.025964020336331606,0.0756902620258115,0.07801217038539554,0.07801217038539554
0.08643995336183445,0.05624174115818115,0.08980178779634668,0.08666666666666667,0.08666666666666667
0.06106928313976773,0.015294353223868629,0.07422507008410092,0.10023952095808386,0.10023952095808383
0.07007993605115909,0.01860111910471629,0.06852118305355714,0.1010572687224669,0.10105726872246697
0.06928909952606636,0.028688783570300136,0.07939968404423381,0.11049586776859499,0.11049586776859505
0.062232614884099244,0.015831638877592535,0.0735990239934933,0.08181818181818179,0.08181818181818182
0.07890930882940472,0.018701558130243767,0.059792249300838984,0.07657370517928286,0.07657370517928286
0.07766208251473479,0.027563850687622793,0.06990176817288801,0.05697813121272366,0.05697813121272366
0.06772727272727273,0.014318181818181785,0.06659090909090909,0.07714285714285707,0.07714285714285715
0.08464401294498383,0.0398220064724919,0.07517799352750809,0.1038095238095238,0.10380952380952381
0.07618762475049902,0.026487025948103815,0.0702994011976048,0.09837837837837837,0.09837837837837837
0.07003935458480914,0.013801652892561966,0.06376229830775285,0.11787234042553185,0.11787234042553192
0.06518413597733712,0.01828004856333465,0.07309591258599757,0.1084540117416829,0.10845401174168298
0.07963375796178346,0.030350318471337623,0.07071656050955413,0.0810567514677103,0.08105675146771038
0.08474103585657372,0.040119521912350575,0.0753784860557769,0.08625514403292178,0.08625514403292181
0.07422984836392658,0.034166001596169226,0.07993615323224262,0.08012526096033401,0.08012526096033404
0.07573606097071803,0.01929803449659051,0.06356197352587245,0.06817813765182179,0.06817813765182187
0.0788050314465409,0.02746855345911947,0.06866352201257861,0.055877862595419825,0.05587786259541985
0.07774760383386582,0.026389776357827466,0.06864217252396165,0.1017829457364341,0.10178294573643411
0.0717892644135189,0.021888667992047695,0.07009940357852884,0.12019569471624258,0.12019569471624267
0.07605095541401274,0.03472929936305735,0.07867834394904458,0.08773547094188372,0.08773547094188378
0.06828480255285202,0.023490227363382576,0.07520542481053052,0.11221556886227546,0.11221556886227545
0.06655172413793105,0.007460815047022007,0.06090909090909091,0.06713375796178345,0.06713375796178345
0.07554005579912317,0.024483858110801116,0.06894380231167796,0.07772357723577228,0.07772357723577236
0.0645063694267516,0.016019108280254768,0.07151273885350318,0.09499999999999997,0.095
0.07145841545132046,0.03152936539219553,0.08007094994087505,0.08707566462167682,0.0870756646216769
0.07535642368103103,0.04245267821184051,0.08709625453080952,0.07655737704918031,0.07655737704918034
0.06511609287429945,-0.0002161729383506339,0.05466773418734988,0.0879245283018868,0.0879245283018868
0.07553869499241275,0.038209408194233685,0.08267071320182096,0.058842975206611525,0.05884297520661158
0.07275009964129137,0.018505380629732948,0.0657552809884416,0.07399999999999995,0.07400000000000001
0.07165876777251186,0.015260663507108974,0.06360189573459715,0.10999999999999999,0.11
0.06549839228295821,0.015980707395498395,0.07048231511254019,0.09991718426501028,0.09991718426501035
0.07855949895615867,0.03158663883089774,0.07302713987473905,0.08175942549371629,0.08175942549371634
0.07836653386454184,0.01701195219123508,0.05864541832669323,0.08116700201207239,0.08116700201207244
0.06842805320435309,0.011636436920596571,0.06320838371624346,0.07971943887775546,0.07971943887775551
0.06936356404136836,0.024176610978520308,0.07481304693715196,0.09983706720977592,0.09983706720977596
0.06710485133020345,0.022738654147104853,0.07563380281690141,0.09315010570824522,0.09315010570824525
0.06771359807460892,0.029727236261532286,0.0820136381869234,0.0990322580645161,0.09903225806451613
0.07185991294024537,0.01436090225563913,0.06250098931539375,0.0918446601941747,0.09184466019417475
0.07127897681854517,0.019000799360511578,0.06772182254196643,0.06452975047984644,0.06452975047984644
0.06857369255150556,0.016830427892234545,0.06825673534072901,0.07276073619631895,0.07276073619631901
0.06504716981132076,-0.0008333333333333526,0.05411949685534592,0.041721311475409806,0.041721311475409834
0.06952153110047848,0.015215311004784682,0.06569377990430622,0.10653846153846147,0.10653846153846154
0.07121999212908305,0.023246753246753293,0.0720267611176702,0.10999999999999999,0.11
0.0726202581149785,0.026746186937817717,0.07412592882283928,0.07370741482965926,0.07370741482965931
0.07998815633636006,0.03786419265692853,0.0778760363205685,0.05564356435643558,0.05564356435643564
0.07648627138877837,0.029251890171110295,0.07276561878233187,0.06854368932038835,0.06854368932038835
0.06641591177628989,0.03053564395431274,0.08411973217802285,0.0595061728395061,0.05950617283950618
0.08086350974930363,0.04556705133306804,0.08470354158376442,0.04086614173228342,0.04086614173228348
0.06477817039654497,0.02657636435021593,0.081798193953671,0.0945098039215686,0.09450980392156863
0.07938642828118653,0.028228362454286948,0.06884193417310036,0.09284482758620682,0.09284482758620691
0.049310344827586214,0.005364875701684091,0.07605453087409783,0.08862745098039215,0.08862745098039215
0.07330188679245284,0.022751572327044056,0.06944968553459119,0.11352818371607509,0.11352818371607516
0.05700787401574804,0.012913385826771706,0.07590551181102362,0.1404545454545454,0.14045454545454544
0.06902912621359225,0.028058252427184516,0.07902912621359223,0.0640748440748441,0.06407484407484407
0.06781312127236581,0.017117296222664002,0.06930417495029823,0.07276073619631895,0.07276073619631901
0.06697692919649961,0.018210023866348513,0.07123309466984884,0.1308910891089109,0.1308910891089109
0.06960784313725492,0.028823529411764692,0.07921568627450981,0.0995698924731182,0.09956989247311827
0.07332681017612526,0.0183365949119374,0.06500978473581212,0.09321063394683027,0.09321063394683027
0.08380686352753393,0.04773343974461297,0.08392657621707902,0.08842105263157896,0.08842105263157896
0.07894880812817508,0.03279796795623291,0.07384915982805784,0.0780375782881002,0.0780375782881002
0.06228934817170112,0.014833068362480106,0.07254372019077901,0.08666666666666667,0.08666666666666667
0.06733386390768008,0.015722244329486657,0.06838838042180662,0.10593155893536121,0.10593155893536121
0.07542099192618225,0.023556324490580538,0.0681353325643983,0.1316997792494481,0.13169977924944812
0.0731881804043546,0.022721617418351547,0.06953343701399689,0.09265135699373694,0.09265135699373694
0.06675632911392407,0.012088607594936684,0.06533227848101267,0.08213592233009703,0.08213592233009709
0.07823896915267475,0.028688012495119097,0.07044904334244437,0.09394957983193275,0.09394957983193278
0.07548424737456244,0.036238817580707905,0.08075457020614546,0.07591397849462367,0.07591397849462367
0.06270216962524656,0.010039447731755469,0.06733727810650889,0.07714285714285707,0.07714285714285715
0.07724165988608626,0.023864930838079723,0.0666232709519935,0.0741666666666666,0.07416666666666666
0.0753000779423227,0.02837879968823076,0.07307872174590804,0.10167938931297704,0.1016793893129771
0.06393939393939395,0.02279106858054225,0.07885167464114834,0.08947791164658636,0.08947791164658633
0.07431974162293098,0.033019781994348074,0.07870004037141703,0.11121338912133893,0.11121338912133891
0.07894242547978768,0.03316864026133115,0.07422621478154348,0.11662027833001987,0.11662027833001988
0.07764962346413001,0.018315497423701976,0.06066587395957193,0.08433260393873088,0.08433260393873085
0.07568319226118501,0.0289681580008061,0.07328496573962112,0.12103092783505154,0.12103092783505155
0.07664062500000002,0.026640624999999973,0.07,0.06394250513347022,0.06394250513347022
0.07143655227454111,0.020598563447725482,0.06916201117318435,0.06210526315789466,0.06210526315789475
0.07243902439024391,0.028496601359456197,0.07605757696921231,0.10163265306122449,0.10163265306122449
0.06828526890101326,0.019025720966484805,0.07074045206547155,0.10775510204081629,0.10775510204081633
0.07981963927855712,0.03513026052104207,0.07531062124248497,0.08534653465346531,0.08534653465346534
0.07826052422557586,0.019404289118347906,0.06114376489277204,0.06925690021231423,0.06925690021231423
0.0749153908138598,0.028259468170830027,0.07334407735697018,0.09261146496815287,0.09261146496815287
0.06696485623003195,0.023993610223642214,0.07702875399361023,0.09169811320754717,0.09169811320754717
0.06236248516026911,0.026628413138108487,0.08426592797783933,0.0702994011976048,0.0702994011976048
0.0784451460142068,0.036377269139700075,0.0779321231254933,0.07657370517928286,0.07657370517928286
0.07691280439905736,0.036692851531814674,0.07978004713275727,0.07742187499999997,0.077421875
0.06670070699135901,0.012340926944226283,0.06564021995286726,0.07801217038539554,0.07801217038539554
0.08252485089463221,0.044950298210735595,0.08242544731610338,0.04399999999999993,0.04400000000000001
0.07331491712707183,0.01269928966061562,0.05938437253354381,0.06541984732824424,0.06541984732824427
0.0751008303677343,0.04026492684855676,0.08516409648082246,0.09843137254901957,0.09843137254901961
0.07217821782178219,0.024455445544554477,0.07227722772277229,0.10571428571428565,0.10571428571428572
0.084678528103518,0.04031945006065507,0.07564092195713709,0.08068702290076335,0.08068702290076335
0.05594783962631375,0.014258466329311048,0.07831062670299727,0.06979423868312751,0.06979423868312756
0.05875404530744338,0.008673139158576038,0.06991909385113268,0.11068100358422939,0.11068100358422939
0.0747244094488189,0.016850393700787447,0.0621259842519685,0.06210526315789466,0.06210526315789475
0.0732130107100357,0.02009916699722336,0.06688615628718764,0.06735812133072405,0.06735812133072408
0.07526315789473685,0.030233918128654946,0.07497076023391813,0.06302325581395352,0.06302325581395349
0.07852228303362002,0.01863174354964814,0.06010946051602814,0.09575150300601198,0.09575150300601203
0.08043582566973212,0.03449420231907241,0.07405837664934026,0.10272921108742006,0.10272921108742004
0.07672963400236128,0.027182211727666328,0.070452577725305,0.09575150300601198,0.09575150300601203
0.06582520483808038,0.00468591494342574,0.0588607101053453,0.09356321839080461,0.09356321839080459
0.05202909948879278,-0.0056586708611875425,0.062312229650019674,0.0765815324165029,0.07658153241650295
0.07135396518375244,0.02009671179883943,0.06874274661508703,0.07860655737704914,0.07860655737704919
0.08164041490587784,0.02067230119093355,0.05903188628505571,0.0747368421052631,0.07473684210526316
0.0818002416431736,0.028759565042287605,0.06695932339911398,0.08486486486486489,0.08486486486486486
0.05762278978388999,0.009882121807465616,0.07225933202357565,0.07132382892057021,0.07132382892057026
0.06842169162282478,0.01989882638607854,0.07147713476325374,0.0924696356275303,0.09246963562753036
0.07169091624066065,0.02580023594180103,0.07410931970114037,0.0667741935483871,0.0667741935483871
0.07321316614420063,0.022742946708463996,0.06952978056426332,0.12476190476190474,0.12476190476190477
0.06936608557844692,0.014057052297939743,0.06469096671949287,0.05820662768031182,0.0582066276803119
0.06336016096579478,0.009235412474849158,0.06587525150905432,0.10631578947368414,0.10631578947368421
0.07219560878243514,0.026886227544910213,0.07469061876247504,0.0990322580645161,0.09903225806451613
0.07773569701853346,0.027453666398066123,0.06971796937953265,0.05430799220272897,0.054307992202729055
0.07898203592814372,0.02928143712574849,0.0702994011976048,0.06615384615384612,0.06615384615384615
0.06988033506182689,0.02029916234543283,0.0704188272836059,0.06824902723735404,0.0682490272373541
0.06312977099236643,-0.0032020891924468,0.05366813981518681,0.10282828282828282,0.10282828282828282
0.05824884792626729,0.0196159754224271,0.08136712749615976,0.10675213675213668,0.10675213675213675
0.07103338632750399,0.011255961844197193,0.06022257551669316,0.09872340425531911,0.09872340425531916
0.06244760775009886,0.01100434954527485,0.06855674179517596,0.09916666666666663,0.09916666666666667
0.07801421239636795,0.017335175681010728,0.05932096328464273,0.07468451242829821,0.07468451242829827
0.07112089671737391,0.03341072858286631,0.08228983186549241,0.11823874755381603,0.11823874755381605
0.06829837752275426,0.026628413138108487,0.07833003561535418,0.09499999999999997,0.095
0.07663005100039233,0.01695959199686148,0.0603295409964692,0.06403669724770644,0.06403669724770641
0.07303738317757011,0.01766355140186915,0.06462616822429906,0.09665198237885464,0.09665198237885463
0.07027700831024931,0.02108824693312228,0.07081123862287297,0.08666666666666667,0.08666666666666667
0.06302884615384617,0.014391025641025679,0.07136217948717949,0.08858316221765916,0.08858316221765913
0.08098636728147555,0.02902165196471529,0.06803528468323977,0.03799999999999992,0.038000000000000006
0.06664694280078896,0.011617357001972417,0.06497041420118344,0.06909456740442654,0.06909456740442657
0.07211745904914105,0.024294846184578556,0.07217738713543748,0.07523809523809522,0.07523809523809524
0.07024038461538462,0.03282051282051279,0.0825801282051282,0.09951807228915655,0.09951807228915663
0.07650564861706273,0.04522399688352163,0.08871834826645891,0.09999999999999998,0.1
0.06764419171405363,0.01776604386677505,0.07012185215272138,0.08653386454183265,0.08653386454183268
0.0730087094220111,0.016239113222486168,0.06323040380047507,0.08353944562899784,0.08353944562899787
0.06673046251993621,0.018405103668261535,0.07167464114832536,0.07443037974683542,0.07443037974683545
0.06190283400809718,0.018582995951416992,0.07668016194331984,0.029426229508196733,0.029426229508196733
0.07851735015772872,0.034984227129337575,0.07646687697160884,0.07224839400428262,0.07224839400428265
0.06507154213036567,0.03033386327503973,0.08526232114467408,0.06696016771488467,0.0669601677148847
0.08312816517335413,0.02808336579664983,0.06495520062329568,0.0762753036437247,0.0762753036437247
0.06755902360944378,0.016698679471788713,0.06913965586234494,0.06999999999999995,0.07
0.06685039370078741,0.005826771653543283,0.0589763779527559,0.07199999999999995,0.07200000000000001
0.06800703399765534,0.019120750293083244,0.0711137162954279,0.05924843423799575,0.059248434237995834
0.0795556429414078,0.018721981911128616,0.059166338969720816,0.09968441814595663,0.0996844181459566
0.06125386996904025,0.006842105263157872,0.06558823529411764,0.08734693877551014,0.0873469387755102
0.07891244601491952,0.010871613663133162,0.051959167648213594,0.10190476190476183,0.1019047619047619
0.06484368656110436,0.025176613885505517,0.08033292732440114,0.07714285714285707,0.07714285714285715
0.0721394611727417,0.029508716323296325,0.07736925515055468,0.08172344689378752,0.08172344689378758
0.08290577988915282,0.03563737133808398,0.07273159144893113,0.0730020703933747,0.07300207039337475
0.0666876971608833,0.008564668769716066,0.06187697160883282,0.07801217038539554,0.07801217038539554
0.07278884462151396,0.03215139442231074,0.07936254980079682,0.0859003831417624,0.08590038314176246
0.07843662534986007,0.03409436225509799,0.07565773690523792,0.08749482401656317,0.08749482401656314
0.07433772269558483,0.03258714175058097,0.07824941905499613,0.1059649122807017,0.10596491228070176
0.07120575651497472,0.019124854142357095,0.06791909762738235,0.07185185185185183,0.07185185185185186
0.07225856697819316,0.021557632398753857,0.06929906542056075,0.09257019438444924,0.09257019438444924
0.08023128185025481,0.030878087024696188,0.07064680517444138,0.06067085953878404,0.06067085953878407
0.062265193370165756,0.006385161799526418,0.06411996842936069,0.055564053537284885,0.055564053537284885
0.06230155564419626,0.017108097327483085,0.07480654168328679,0.08372745490981959,0.08372745490981964
0.07265486725663718,0.028648431214802872,0.07599356395816573,0.06190476190476191,0.06190476190476191
0.06732142857142859,0.013100649350649363,0.06577922077922077,0.06812623274161733,0.06812623274161736
0.07891010342084329,0.033723150357995224,0.07481304693715196,0.07156249999999997,0.0715625
0.07077519379844963,0.011472868217054288,0.06069767441860466,0.08744639376218322,0.08744639376218324
0.08068580542264754,0.025582137161084595,0.06489633173843701,0.08354378818737274,0.08354378818737271
0.07640975226110894,0.021081399921352717,0.0646716476602438,0.08609071274298052,0.08609071274298055
0.0757131442269277,0.042273272073511836,0.0865601278465841,0.08247544204322199,0.08247544204322199
0.07715132358751482,0.020691426313710015,0.06354010272619517,0.07483870967741935,0.07483870967741935
0.07149724192277385,0.004042553191489384,0.05254531126871553,0.10796680497925304,0.10796680497925311
0.07955364134690683,0.030767423649177728,0.07121378230227096,0.05767535070140273,0.05767535070140281
0.07445079624336465,0.023368721927317315,0.06891792568395264,0.06599589322381927,0.0659958932238193
0.06762845849802372,0.027312252964426853,0.07968379446640317,0.08811023622047243,0.08811023622047245
0.06830508474576272,0.024040204966495837,0.07573512022073314,0.05877551020408156,0.058775510204081644
0.07221327967806843,0.03177062374245476,0.07955734406438633,0.10343558282208587,0.1034355828220859
0.06353312302839118,0.012902208201892806,0.06936908517350157,0.0671615720524017,0.06716157205240175
0.06918256130790192,0.006862592448423577,0.057680031140521615,0.06824902723735404,0.0682490272373541
0.0730448717948718,0.027612179487179533,0.07456730769230768,0.09649402390438244,0.09649402390438247
0.07127897681854517,0.017801758593125494,0.06652278177458035,0.12624999999999997,0.12625
0.06580885233059147,0.016572659616137853,0.0707638072855464,0.09878787878787876,0.09878787878787879
0.0785123309466985,0.028949880668257766,0.07043754972155927,0.07163776493256258,0.07163776493256263
0.06960784313725492,0.028431372549019618,0.07882352941176471,0.04015810276679843,0.04015810276679843
0.06593495934959351,0.011463414634146352,0.06552845528455284,0.07999999999999996,0.07999999999999999
0.06964580873671784,0.006324281778827268,0.056678473042109406,0.08134453781512607,0.08134453781512604
0.0747805642633229,0.04703761755485891,0.09225705329153605,0.12301724137931036,0.12301724137931035
0.0739351851851852,0.014984567901234591,0.06104938271604937,0.09647058823529409,0.09647058823529411
0.07545886075949368,0.03028481012658235,0.07482594936708861,0.07856573705179282,0.07856573705179282
0.08414944356120828,0.033910969793322754,0.06976152623211446,0.0818556701030928,0.08185567010309278
0.06771406431615654,0.013897714064316169,0.06618364974815963,0.11144050104384129,0.11144050104384133
0.05841033672670322,0.014714173844949108,0.0763038371182459,0.08601941747572817,0.08601941747572817
0.07920195439739415,0.03465798045602608,0.07545602605863191,0.058966202783300226,0.0589662027833002
0.06811172305271442,0.008001573564122788,0.059889850511408355,0.06722222222222218,0.06722222222222221
0.08354581673306774,0.04091633466135458,0.07737051792828686,0.0506264501160093,0.050626450116009275
0.06540717869548437,0.0013778463913547423,0.055970667695870335,0.09307692307692306,0.09307692307692308
0.06533516268130146,0.015981967855742907,0.07064680517444138,0.06063745019920319,0.06063745019920319
0.0724864024864025,0.019805749805749784,0.06731934731934733,0.12445859872611464,0.12445859872611464
0.07278322226577814,0.017549980399843235,0.06476675813406507,0.06999999999999995,0.07
0.0633969769291965,0.017016706443914065,0.07361972951471757,0.10888888888888881,0.1088888888888889
0.06940357852882705,0.01910536779324057,0.06970178926441353,0.07660377358490567,0.07660377358490567
0.0678886756238004,0.026621880998080605,0.07873320537428022,0.03390134529147981,0.03390134529147981
0.06282930631332814,0.01473889321901789,0.0719095869056898,0.03764705882352937,0.03764705882352942
0.06333333333333334,0.015523809523809495,0.0721904761904762,0.06710743801652885,0.06710743801652894
0.07840302668259659,0.021095181202708146,0.06269215452011151,0.07892116182572606,0.07892116182572614
0.07563821456538763,0.035074393108848856,0.07943617854346124,0.09499999999999997,0.095
0.0670178926441352,0.031033797216699854,0.08401590457256461,0.10333333333333328,0.10333333333333333
0.06477848101265823,0.029493670886076018,0.08471518987341772,0.061784989858012174,0.061784989858012174
0.06201124046567645,0.01668807707747899,0.0746768366118025,0.0536633663366336,0.053663366336633656
0.07330188679245284,0.011745283018867902,0.05844339622641509,0.09784679089026915,0.09784679089026915
0.07166598943518895,0.019288906948395024,0.06762291751320601,0.09885462555066071,0.0988546255506608
0.0663607594936709,0.015253164556962018,0.06889240506329114,0.057944664031620574,0.057944664031620546
0.0644399677679291,0.004891216760676942,0.060451248992747786,0.11375000000000002,0.11375
0.058715953307393015,0.00035019455252915943,0.061634241245136195,0.07193133047210298,0.07193133047210301
0.07095087163232965,0.029508716323296325,0.07855784469096672,0.047184466019417504,0.047184466019417476
0.06423835832675613,0.0166456195737964,0.07240726124704025,0.09370600414078667,0.09370600414078675
0.07092258323305256,0.017693541917368605,0.0667709586843161,0.09346938775510205,0.09346938775510205
0.06683794466403163,0.01861660079051386,0.07177865612648221,0.09631027253668756,0.09631027253668763
0.07403446925186057,0.01853113983548771,0.0644966705836271,0.0818556701030928,0.08185567010309278
0.06465346534653467,0.0034653465346534684,0.05881188118811881,0.07263157894736838,0.07263157894736844
0.08282051282051284,0.04357001972386587,0.08074950690335306,0.057067209775967354,0.05706720977596741
0.08388124262681873,0.043889107353519474,0.08000786472670074,0.06842519685039372,0.0684251968503937
0.07286624203821657,0.00805732484076438,0.05519108280254778,0.09090909090909083,0.09090909090909091
0.06845910707230345,0.024642433820624254,0.07618332674832082,0.07341365461847382,0.0734136546184739
0.08109393119443371,0.03729802860456133,0.07620409741012757,0.08381322957198445,0.08381322957198445
0.06857369255150556,0.020396196513470688,0.07182250396196513,0.08254980079681273,0.08254980079681276
0.07558615263571991,0.029244689221085807,0.07365853658536586,0.11285714285714288,0.11285714285714286
0.06737742303306729,0.016864310148232642,0.06948688711516535,0.11006342494714583,0.11006342494714588
0.06864325618515564,0.015810055865921768,0.06716679968076616,0.07654885654885657,0.07654885654885654
0.07087929656274981,0.028593125499600358,0.07771382893685053,0.07887096774193547,0.07887096774193547
0.059149102263856376,0.005753317720530893,0.06660421545667447,0.0780375782881002,0.0780375782881002
0.07809542432538132,0.03535001955416506,0.07725459522878372,0.06130434782608696,0.06130434782608696
0.06177489177489179,0.009079102715466414,0.06730421094057457,0.09070707070707063,0.09070707070707071
0.07472471690745804,0.024783287778211704,0.07005857087075362,0.07123966942148763,0.0712396694214876
0.06734582357533178,0.014730679156908733,0.06738485558157689,0.05914728682170545,0.05914728682170542
0.07648330058939097,0.033850687622789755,0.07736738703339882,0.08707566462167682,0.0870756646216769
0.06541432019308127,0.02020112630732096,0.07478680611423974,0.09873134328358202,0.09873134328358209
0.07347028320702036,0.01750698045472676,0.06403669724770641,0.07283018867924529,0.07283018867924529
0.08059472233162664,0.019901536037810197,0.05930681370618354,0.09354085603112838,0.09354085603112841
0.07362856028092081,0.026145142411236888,0.07251658213031603,0.05567134268537066,0.055671342685370745
0.07688575899843507,0.020000000000000018,0.06311424100156496,0.09396694214876034,0.09396694214876034
0.060114218196140226,0.008479716423788863,0.06836549822764867,0.09759336099585059,0.09759336099585063
0.0654689984101749,0.022384737678855293,0.07691573926868045,0.09824351297405187,0.0982435129740519
0.06612878497508626,0.015879647374473005,0.06975086239938674,0.10749999999999993,0.1075
0.06492608869356774,0.017902516979624417,0.07297642828605674,0.06708249496981888,0.06708249496981891
0.07808119494446573,0.036373037150517096,0.07829184220605132,0.0547826086956521,0.054782608695652185
0.06109667558272833,0.008632021398548018,0.06753534581581963,0.0762753036437247,0.0762753036437247
0.07317460317460318,0.035873015873015945,0.08269841269841269,0.06168336673346686,0.06168336673346694
0.07342924714229405,0.025222703981080064,0.07179345683878596,0.059826839826839784,0.05982683982683984
0.06944794952681389,0.00935331230283909,0.059905362776025234,0.06860557768924302,0.06860557768924302
0.07514469453376207,0.023215434083601272,0.06807073954983922,0.08128364389233955,0.08128364389233955
0.07161943319838057,0.01210526315789473,0.06048582995951418,0.07518590998043051,0.07518590998043054
0.061814068284656534,0.007967914438502643,0.06615384615384615,0.09262357414448663,0.09262357414448669
0.08597633136094676,0.03291913214990139,0.06694280078895465,0.08381322957198445,0.08381322957198445
0.07177880897138439,0.019033255993812892,0.06725444702242847,0.0741266794625719,0.07412667946257198
0.061956782713085246,0.007895158063225272,0.06593837535014005,0.056466165413533775,0.05646616541353383
0.08214879303521964,0.028607043925603537,0.06645825089038385,0.05132530120481926,0.05132530120481929
0.06518967540086039,0.016969104419241265,0.07177942901838091,0.06795321637426899,0.06795321637426902
0.06666011787819255,0.015776031434184712,0.06911591355599214,0.059357429718875476,0.059357429718875504
0.07336987413723103,0.028424685343077516,0.07505481120584653,0.08186770428015566,0.08186770428015563
0.06034045922406969,0.01109263657957249,0.07075217735550277,0.07826771653543307,0.07826771653543307
0.07150913423351868,0.02059571088165213,0.06908657664813345,0.08199575371549894,0.08199575371549894
0.062355694227769126,0.018439937597503953,0.0760842433697348,0.10486140724946691,0.10486140724946695
0.06190251572327045,0.015283018867924492,0.07338050314465408,0.09799564270152505,0.09799564270152505
0.05542078229948638,0.0009363887791387082,0.06551560647965232,0.08746987951807228,0.08746987951807228
0.08338895510528407,0.03877234803337304,0.07538339292808899,0.09221095334685592,0.09221095334685597
0.07335305719921106,0.016745562130177527,0.06339250493096646,0.0900787401574803,0.09007874015748032
0.06475743348982786,0.026651017214397554,0.08189358372456965,0.11112903225806448,0.11112903225806452
0.05814229249011858,0.000830039525691717,0.06268774703557312,0.09523629489603025,0.09523629489603025
0.07352281825460369,0.023402722177742197,0.0698799039231385,0.09523992322456809,0.09523992322456815
0.0713260530421217,0.02078003120124805,0.06945397815912638,0.11375000000000002,0.11375
0.06439324116743472,0.014623655913978517,0.07023041474654379,0.08930693069306928,0.0893069306930693
0.07066745190420104,0.015975657636435048,0.065308205732234,0.07200845665961941,0.07200845665961944
0.07245836637589216,0.01662965900079305,0.06417129262490087,0.07601577909270218,0.07601577909270216
0.056888454011741696,0.011291585127201631,0.07440313111545988,0.07957446808510638,0.07957446808510638
0.06871897518014412,0.019799839871897484,0.0710808646917534,0.09265135699373694,0.09265135699373694
0.0718673023440604,0.031223678982916225,0.07935637663885578,0.09804878048780485,0.09804878048780488
0.07076335877862597,0.03536761751707518,0.08460425873844918,0.03108829568788496,0.031088295687885015
0.08015625000000001,0.02742187500000004,0.067265625,0.07743801652892557,0.07743801652892562
0.07577385725741781,0.021002405773857258,0.06522854851643944,0.08806883365200757,0.08806883365200766
0.07757328990228014,0.0379153094462541,0.08034201954397394,0.0732494758909853,0.07324947589098532
0.06475743348982786,0.009436619718309891,0.06467918622848201,0.049659318637274574,0.04965931863727455
0.059589905362776044,0.0030441640378549017,0.06345425867507887,0.06701492537313425,0.06701492537313433
0.08626409017713367,0.040933977455716586,0.07466988727858292,0.06584980237154148,0.0658498023715415
0.06079563182527302,0.022730109204368243,0.08193447737909518,0.0678260869565217,0.06782608695652173
0.0672300281011642,0.007454837414692883,0.06022480931352869,0.09404580152671749,0.09404580152671757
0.07401323955316509,0.033342987174182936,0.0793297476210178,0.07288640595903162,0.07288640595903165
0.07055031446540881,0.022751572327044056,0.07220125786163523,0.08111111111111113,0.0811111111111111
0.06482266612311456,0.015617611088463157,0.07079494496534855,0.06645669291338585,0.06645669291338582
0.06657915672235483,0.011845664280031865,0.06526650755767702,0.0705747126436781,0.07057471264367815
0.07657165479018212,0.01742676167854318,0.060855106888361044,0.08666666666666667,0.08666666666666667
0.07399385560675885,0.024608294930875574,0.07061443932411673,0.041999999999999926,0.04200000000000001
0.07349483717235902,0.03211278792692618,0.07861795075456712,0.062436974789915944,0.06243697478991597
0.0722673964034402,0.0006489444878812201,0.04838154808444098,0.07560344827586207,0.07560344827586207
0.06866457187745484,0.013519245875883712,0.0648546739984289,0.0854618473895582,0.08546184738955823
0.07415335463258788,0.020000000000000018,0.06584664536741214,0.060085287846481816,0.06008528784648187
0.0741315683914962,0.018094665062174053,0.0639630966706779,0.09142857142857141,0.09142857142857144
0.07240914659044509,0.025002041649652917,0.07259289505920785,0.04641509433962265,0.04641509433962265
0.0663607594936709,0.01604430379746835,0.06968354430379747,0.09608695652173915,0.09608695652173913
0.05515625000000002,-0.0007031250000000266,0.064140625,0.10047808764940236,0.10047808764940239
0.06892984542211654,0.017522790328973414,0.06859294490685691,0.09633262260127928,0.09633262260127932
0.07289741581832421,0.02137039937353169,0.0684729835552075,0.07068762278978391,0.07068762278978388
0.06504716981132076,0.021965408805031506,0.0769182389937107,0.12063424947145873,0.12063424947145877
0.059248181083265974,-0.006071139854486596,0.054680679062247384,0.08068702290076335,0.08068702290076335
0.07693069306930694,0.027227722772277252,0.0702970297029703,0.09238493723849373,0.09238493723849373
0.06612403100775195,0.019612403100775166,0.07348837209302325,0.10461538461538455,0.10461538461538461
0.06439742039500203,0.011636436920596571,0.06723901652559452,0.08278195488721807,0.08278195488721804
0.07948616600790515,0.033636363636363686,0.07415019762845851,0.05499005964214709,0.05499005964214712
0.07428015564202335,0.026809338521400772,0.07252918287937743,0.11210019267822735,0.11210019267822736
0.07692124105011934,0.021789976133651523,0.06486873508353222,0.07539714867617109,0.07539714867617109
0.06559164733178656,0.01284609435421502,0.06725444702242847,0.04401656314699787,0.04401656314699792
0.0747996826656089,0.029619198730662433,0.07481951606505355,0.11090909090909085,0.11090909090909092
0.0791274628065943,0.03558102131081631,0.07645355850422195,0.10653846153846147,0.10653846153846154
0.07214797136038187,0.017414478918058918,0.06526650755767702,0.07097192224622029,0.07097192224622031
0.05948995363214839,0.002612055641421973,0.06312210200927357,0.10329979879275653,0.10329979879275654
0.06655172413793105,0.013730407523510957,0.06717868338557995,0.07714285714285707,0.07714285714285715
0.07710599444223899,0.03260420801905517,0.07549821357681619,0.030416666666666647,0.030416666666666675
0.07696753760886779,0.020989707046714212,0.06402216943784639,0.10381742738589206,0.10381742738589211
0.06280125195618154,0.014522691705790347,0.07172143974960876,0.08430062630480162,0.08430062630480167
0.06594699922057679,0.012400623538581512,0.06645362431800467,0.06410646387832697,0.064106463878327
0.06343295320487614,0.005351946519858486,0.061918993314982296,0.07084033613445373,0.07084033613445379
0.07498442367601248,0.01649532710280377,0.061510903426791275,0.07042735042735038,0.07042735042735043
0.0669391708640062,0.01932196822936849,0.07238279736536227,0.0787570621468926,0.07875706214689265
0.06617486338797815,0.015901639344262364,0.06972677595628415,0.09204724409448817,0.0920472440944882
0.06816933638443937,0.018665141113653694,0.07049580472921435,0.0730612244897959,0.0730612244897959
0.06099717400080744,0.021312071053694037,0.08031489705288655,0.06798534798534794,0.067985347985348
0.06879518072289158,0.028232931726907662,0.07943775100401607,0.0454901960784313,0.04549019607843138
0.08214879303521964,0.03652156707558374,0.07437277404036408,0.06104627766599591,0.06104627766599599
0.05665086887835705,0.014470774091627225,0.07781990521327015,0.07599999999999996,0.07600000000000001
0.07163281561131024,0.01233373158104345,0.06070091596973318,0.05567134268537066,0.055671342685370745
0.06811472121941438,0.021704773365423202,0.07359005214600883,0.09449392712550608,0.09449392712550608
0.06873916469661152,0.018620961386918822,0.06988179669030734,0.0883651804670913,0.0883651804670913
0.07325170614211161,0.025921316740264988,0.07266961059815336,0.07526315789473681,0.07526315789473684
0.06707649179014818,0.027709251101321608,0.08063275931117342,0.03744421906693707,0.03744421906693712
0.06841897233201583,0.023754940711462447,0.07533596837944664,0.054728033472803306,0.05472803347280336
0.056755485893416946,0.006677115987460791,0.0699216300940439,0.07774058577405851,0.07774058577405857
0.08283676703645008,0.03426307448494459,0.07142630744849446,0.03156316916488222,0.03156316916488222
0.058003188521323246,0.010932642487046618,0.0729294539657234,0.07988483685220726,0.07988483685220729
0.06389193422083009,0.02137039937353169,0.07747846515270165,0.0960504201680672,0.09605042016806722
0.07769850866586055,0.03904474002418379,0.08134623135832325,0.06221748400852878,0.06221748400852878
0.07638635462118208,0.027239190797302637,0.07085283617612059,0.06959349593495934,0.06959349593495934
0.06957347809228384,0.024556029468786322,0.07498255137650253,0.07628742514970055,0.0762874251497006
0.06529830106677204,0.013974713551955786,0.06867641248518372,0.07185185185185183,0.07185185185185186
0.05696701528559937,0.010144810941271176,0.07317779565567176,0.055616438356164366,0.055616438356164394
0.06617054875641533,0.005886300829056501,0.059715752072641126,0.07687022900763352,0.0768702290076336
0.06754746835443039,0.021582278481012684,0.07403481012658228,0.06305835010060357,0.06305835010060362
0.07153603781016149,0.028172508861756596,0.07663647105159513,0.05599999999999994,0.055999999999999994
0.0721909233176839,0.032910798122065765,0.08071987480438184,0.06661354581673307,0.06661354581673307
0.08144359078042863,0.03951071572988274,0.07806712494945411,0.0730534351145038,0.07305343511450382
0.07110339190845935,0.028888434818144737,0.07778504290968533,0.05720930232558141,0.057209302325581385
0.06326765188834156,0.01466338259441713,0.07139573070607552,0.07825242718446601,0.07825242718446601
0.08060371517027864,0.040123839009287954,0.07952012383900928,0.03300813008130077,0.033008130081300824
0.05749494131930394,0.0016875758802105123,0.06419263456090651,0.08111111111111113,0.0811111111111111
0.06061876247504991,0.016107784431137695,0.07548902195608784,0.11249492900608515,0.1124949290060852
0.08742394310549191,0.04874357961280129,0.08131963650730936,0.06220907297830369,0.06220907297830375
0.07552724421795376,0.03009408075264608,0.07456683653469229,0.06435797665369647,0.0643579766536965
0.061547049441786295,0.006842105263157872,0.0652950558213716,0.10663967611336034,0.10663967611336032
0.06739603575592694,0.018153905946366122,0.07075787019043916,0.061336116910229665,0.06133611691022964
0.06017571884984027,0.003626198083067078,0.06345047923322683,0.0667432950191571,0.0667432950191571
0.07544191431879585,0.01797375530683132,0.06253184098803552,0.0569098712446352,0.0569098712446352
0.06526085225009957,0.021095181202708146,0.07583432895260853,0.10270377733598401,0.1027037773359841
0.0685858585858586,0.0223232323232323,0.07373737373737374,0.1103591682419659,0.11035916824196597
0.06514263685427912,0.012868157286044735,0.0677255204317656,0.09449392712550608,0.09449392712550608
0.06953632148377126,0.026955177743431258,0.07741885625965997,0.07743801652892557,0.07743801652892562
0.06246467817896391,0.009795918367346945,0.06733124018838305,0.08159844054580889,0.08159844054580898
0.07047770700636943,0.01681528662420384,0.0663375796178344,0.08836935166994109,0.08836935166994106
0.06955982392957184,0.013497398959583906,0.06393757503001202,0.08220472440944881,0.08220472440944881
0.06954337899543381,0.01619482496194824,0.06665144596651446,0.08754966887417215,0.08754966887417218
0.0662490023942538,0.012218675179569094,0.06596967278531524,0.06719101123595506,0.06719101123595506
0.06610389610389611,0.0263951200314837,0.08029122392758756,0.0899186991869918,0.08991869918699186
0.07194489465153972,0.026482982171799008,0.07453808752025931,0.08614173228346456,0.08614173228346456
0.06485981308411216,0.006370716510903485,0.061510903426791275,0.08652542372881356,0.08652542372881356
0.07692989524576956,0.03994359387590651,0.083013698630137,0.055341365461847314,0.0553413654618474
0.0789443996776793,0.037526188557614804,0.07858178887993553,0.06329896907216492,0.06329896907216495
0.07011797090051122,0.026193472276838436,0.07607550137632718,0.08021505376344085,0.08021505376344087
0.07115583897967319,0.020896771622160193,0.06974093264248704,0.08458333333333334,0.08458333333333334
0.07108564535585044,0.02392038600723767,0.0728347406513872,0.11484126984126986,0.11484126984126984
0.07039215686274511,0.020588235294117685,0.07019607843137254,0.10381742738589206,0.10381742738589211
0.07337784760408485,0.021767478397486273,0.0683896307934014,0.07924369747899151,0.0792436974789916
0.06415481832543445,0.012101105845181648,0.06794628751974724,0.093015873015873,0.09301587301587302
0.07143577803647654,0.01776872332169188,0.06633294528521536,0.08788617886178862,0.08788617886178862
0.061475927387529605,0.007174427782162596,0.06569850039463299,0.09854251012145743,0.0985425101214575
0.07187646598905396,0.03505082095387024,0.08317435496481626,0.08008230452674892,0.08008230452674897
0.07419161676646707,0.0408582834331338,0.08666666666666667,0.06893617021276588,0.06893617021276596
0.06221789883268483,0.012801556420233506,0.07058365758754864,0.08564299424184263,0.0856429942418426
0.08030303030303032,0.024343434343434334,0.06404040404040404,0.06117647058823528,0.061176470588235304
0.07176125244618396,0.01598825831702544,0.06422700587084149,0.06387351778656125,0.06387351778656128
0.07810157194679566,0.03985086658605408,0.08174929463925837,0.04851239669421481,0.048512396694214865
0.0684932593180016,0.012664551942902502,0.06417129262490087,0.08144578313253015,0.08144578313253012
0.0618278720884327,0.006675878405053348,0.0648480063166206,0.06540117416829738,0.06540117416829747
0.06814814814814817,0.015169082125603861,0.0670209339774557,0.08037735849056604,0.08037735849056604
0.06146677152968935,0.014396382225717708,0.07292961069602832,0.06909456740442654,0.06909456740442657
0.06932081502197364,0.02389532560926888,0.07457451058729525,0.09372708757637471,0.09372708757637474
0.06903846153846155,0.017195512820512793,0.0681570512820513,0.09326732673267324,0.09326732673267327
0.06477786438035854,0.0077240841777085345,0.06294621979734996,0.10453608247422674,0.1045360824742268
0.0628141308711361,0.01708952228020877,0.07427539140907266,0.07864978902953579,0.07864978902953587
0.07796812749003985,0.033346613545816806,0.0753784860557769,0.07140562248995985,0.07140562248995985
0.06161793372319689,0.01307992202729047,0.07146198830409356,0.0765656565656565,0.07656565656565656
0.07930693069306932,0.009009900990099018,0.04970297029702969,0.04340862422997949,0.04340862422997946
0.06983779399837796,0.023446877534468835,0.07360908353609083,0.03834862385321103,0.038348623853211
0.0668834166987303,0.004898037706810299,0.058014621008080025,0.05661417322834639,0.05661417322834647
0.07873015873015875,0.0303174603174603,0.07158730158730159,0.07220729366602685,0.07220729366602688
0.06574214086748907,0.01612017508953445,0.07037803422204536,0.0464299802761341,0.046429980276134125
0.0715810276679842,0.00794466403162053,0.056363636363636366,0.04711198428290764,0.047111984282907665
0.07241967473224913,0.020495834986116623,0.06807616025386751,0.06749034749034744,0.06749034749034749
0.07375399361022365,0.023194888178913797,0.0694408945686901,0.09866927592954988,0.09866927592954991
0.08070707070707071,0.04050505050505049,0.07979797979797981,0.12,0.12
0.061481913652275386,-0.006157137300661253,0.0523609490470634,0.045531914893616965,0.04553191489361702
0.07085331166192606,0.020101584721657906,0.06924827305973183,0.058709677419354844,0.058709677419354844
0.08122821240372924,0.021925415484393973,0.060697203080664786,0.07163776493256258,0.07163776493256263
0.07843662534986007,0.021699320271891254,0.06326269492203118,0.08111111111111113,0.0811111111111111
0.07783773139031115,0.02029539188656948,0.062457660496258366,0.09346938775510205,0.09346938775510205
0.06211136890951277,0.011299303944315553,0.06918793503480278,0.07370741482965926,0.07370741482965931
0.06168964159117764,0.018719968491532124,0.07703032690035447,0.08454183266932269,0.08454183266932272
0.079789644012945,0.027281553398058267,0.06749190938511326,0.041721311475409806,0.041721311475409834
0.06543503706593837,0.00780725712056185,0.06237222005462348,0.07263157894736838,0.07263157894736844
0.07318772136953956,0.016162927981109854,0.06297520661157024,0.08720321931589536,0.08720321931589536
0.07004014452027299,0.021906864712966656,0.07186672019269369,0.0642105263157895,0.06421052631578947
0.06703588143525742,0.024290171606864308,0.07725429017160687,0.07623678646934462,0.07623678646934462
0.07174583840844499,0.030860738936256626,0.07911490052781162,0.056693548387096726,0.05669354838709678
0.06689490445859873,0.014028662420382143,0.06713375796178345,0.07446985446985444,0.07446985446985446
0.06310611928737414,0.006638264910921787,0.06353214562354764,0.09110187110187107,0.0911018711018711
0.07589660743134088,0.03494345718901459,0.07904684975767368,0.06952380952380954,0.06952380952380952
0.07090444357058594,0.03012583562721194,0.07922139205662604,0.06763948497854078,0.06763948497854078
0.07064959877722585,0.02315246465418419,0.07250286587695834,0.023493449781659348,0.023493449781659403
0.07667212443716744,0.030540319279574346,0.07386819484240686,0.08363636363636362,0.08363636363636365
0.07992427261857316,0.023686727779992034,0.0637624551614189,0.10439306358381495,0.10439306358381503
0.07867052023121389,0.04803468208092487,0.089364161849711,0.04565130260521044,0.045651302605210414
0.07250696378830085,0.016518105849582243,0.06401114206128133,0.07924369747899151,0.0792436974789916
0.0660092095165004,0.025947812739831155,0.07993860322333077,0.08831275720164611,0.08831275720164608
0.0674878444084279,0.020000000000000018,0.07251215559157212,0.0931808731808732,0.09318087318087317
0.05915281076801268,0.003966745843230424,0.06481393507521774,0.03767955801104972,0.03767955801104972
0.07165224232887492,0.03081825334382382,0.07916601101494886,0.04459677419354835,0.04459677419354838
0.06896988906497624,0.013264659270998402,0.0642947702060222,0.07772357723577228,0.07772357723577236
0.07951456310679612,0.019126213592232988,0.0596116504854369,0.10223938223938223,0.10223938223938224
0.0826827340971948,0.03214934808376135,0.06946661398656659,0.02368098159509202,0.02368098159509202
0.07717131474103586,0.021792828685259003,0.06462151394422311,0.07328185328185322,0.07328185328185327
0.0636420722135008,0.018430141287284152,0.07478806907378335,0.07964912280701753,0.07964912280701755
0.065069033530572,0.016351084812623262,0.07128205128205128,0.06909456740442654,0.06909456740442657
0.08442155309033282,0.03941362916006341,0.0749920760697306,0.02421052631578946,0.024210526315789488
0.07226460071513709,0.016920937624155807,0.06465633690901867,0.08307053941908715,0.08307053941908712
0.07657165479018212,0.0304908946951703,0.07391923990498814,0.07714285714285707,0.07714285714285715
0.0630966469428008,0.006883629191321572,0.06378698224852072,0.09795275590551178,0.0979527559055118
0.06594008671659442,0.00985021679148601,0.0639101300748916,0.07239085239085241,0.07239085239085238
0.06599383667180278,0.014607087827426812,0.06861325115562403,0.08178861788617886,0.08178861788617886
0.07318725099601595,0.03972111553784863,0.08653386454183268,0.06031936127744508,0.06031936127744511
0.07004063388866316,0.024571312474603868,0.07453067858594067,0.09163561076604554,0.09163561076604554
0.08091131998365346,0.04196567225173686,0.08105435226808336,0.05122362869198305,0.05122362869198313
0.07011437285550898,0.014948532215021015,0.064834159359512,0.11591836734693872,0.11591836734693878
0.08054953870838348,0.021704773365423202,0.0611552346570397,0.05403361344537816,0.05403361344537816
0.059244302279088376,0.008904438224710098,0.06966013594562176,0.10631984585741805,0.10631984585741812
0.08154303847679494,0.025652518841729477,0.06410948036493455,0.06309623430962341,0.06309623430962344
0.06332800639232922,0.006316420295645275,0.06298841390331603,0.025068226120857684,0.025068226120857712
0.07502572220023745,0.019901068460625226,0.06487534626038782,0.056438923395445095,0.05643892339544512
0.06846517119244393,0.01852420306965763,0.07005903187721368,0.07420944558521558,0.07420944558521561
0.06755351681957188,0.02191131498470955,0.07435779816513763,0.03876332622601275,0.038763326226012806
0.065933014354067,0.010829346092503966,0.06489633173843701,0.07236220472440946,0.07236220472440946
0.06863013698630138,0.005420743639921732,0.056790606653620346,0.07856573705179282,0.07856573705179282
